solid Visualization Toolkit generated SLA File
 facet normal 0 0 -1
  outer loop
   vertex -0.003556 -0.001778 -0.012439
   vertex -0.003556 0.001778 -0.012439
   vertex 0.003556 -0.001778 -0.012439
  endloop
 endfacet
 facet normal 0 0 -1
  outer loop
   vertex 0.003556 0.001778 -0.012439
   vertex 0.003556 -0.001778 -0.012439
   vertex -0.003556 0.001778 -0.012439
  endloop
 endfacet
 facet normal 0 0 1
  outer loop
   vertex -0.003556 -0.001778 -0.012439
   vertex 0.003556 -0.001778 -0.012439
   vertex -0.003556 0.001778 -0.012439
  endloop
 endfacet
 facet normal -0 0 1
  outer loop
   vertex 0.003556 0.001778 -0.012439
   vertex -0.003556 0.001778 -0.012439
   vertex 0.003556 -0.001778 -0.012439
  endloop
 endfacet
endsolid
